Fecha Hora Temperatura Distancia Laser_pequeño Paso_Madera
2025-01-09 10:14:55 24,57 3767 38 1
2025-01-09 10:14:56 24,83 3767 37 1
2025-01-09 10:14:57 24,69 3721 34 1
2025-01-09 10:14:58 24,81 3705 34 1
2025-01-09 10:14:59 24,77 3701 37 1
2025-01-09 10:15:00 24,71 3701 36 1
2025-01-09 10:15:01 24,81 3703 35 1
2025-01-09 10:15:02 24,51 3703 38 1
2025-01-09 10:15:03 24,65 3703 37 1
2025-01-09 10:15:04 24,69 241 37 1
2025-01-09 10:15:05 24,59 241 38 1
2025-01-09 10:15:06 24,47 241 37 1
2025-01-09 10:15:07 24,39 241 34 1
2025-01-09 10:15:08 20,21 241 38 1
2025-01-09 10:59:07 24,11 304 8190 0
2025-01-09 10:59:52 24,11 304 8191 0
2025-01-09 11:00:02 23,99 304 8190 0
2025-01-09 11:00:03 24,05 304 8191 0
2025-01-09 11:00:05 24,03 304 8191 0
2025-01-09 11:00:06 24,29 304 8190 0
2025-01-09 11:00:07 24,29 304 8191 0
2025-01-09 11:00:08 24,15 304 8190 0
2025-01-09 11:00:09 24,21 304 8190 0
2025-01-09 11:00:10 24,15 304 8191 0
2025-01-09 11:00:11 24,11 304 8190 0
2025-01-09 11:00:12 24,17 304 8191 0
2025-01-09 11:00:13 24,23 304 8191 0
2025-01-09 11:00:14 24,17 304 8191 0
2025-01-09 11:00:15 24,23 305 8190 0
2025-01-09 11:00:16 24,03 305 8190 0
2025-01-09 11:00:17 24,27 305 8191 0
2025-01-09 11:00:18 24,03 305 8191 0
2025-01-09 11:00:19 24,05 305 8190 0
2025-01-09 11:00:20 24,11 305 8191 0
2025-01-09 11:00:21 23,97 305 8191 0
2025-01-09 11:00:22 24,29 305 8190 0
2025-01-09 11:00:23 24,09 305 8191 0
2025-01-09 11:00:24 23,93 305 8190 0
2025-01-09 11:00:25 24,03 305 817 0
2025-01-09 11:00:26 24,21 305 8191 0
2025-01-09 11:00:27 24,05 305 8190 0
2025-01-09 11:00:29 24,27 305 8191 0
2025-01-09 11:00:30 23,87 305 8191 0
2025-01-09 11:00:31 23,93 305 8190 0
2025-01-09 11:00:32 24,15 305 8191 0
2025-01-09 11:00:33 24,11 305 8191 0
2025-01-09 11:00:34 23,87 305 8190 0
2025-01-09 11:00:35 24,09 305 8190 0
2025-01-09 11:00:36 24,15 305 8191 0
2025-01-09 11:00:37 24,15 305 485 0
2025-01-09 11:00:38 24,03 305 8191 0
2025-01-09 11:00:39 24,15 305 444 0
2025-01-09 11:00:40 24,11 305 8190 0
2025-01-09 11:00:41 24,15 305 8190 0
2025-01-09 11:00:42 24,05 305 8190 0
2025-01-09 11:00:43 23,91 305 8191 0
2025-01-09 11:00:44 24,17 305 8191 0
2025-01-09 11:00:45 24,09 305 8191 0
2025-01-09 11:00:46 23,93 305 8191 0
2025-01-09 11:00:47 24,09 305 8191 0
2025-01-09 11:00:48 24,15 305 8191 0
2025-01-09 11:00:49 23,97 305 8190 0
2025-01-09 11:00:50 24,11 305 8190 0
2025-01-09 11:00:52 24,21 305 8190 0
2025-01-09 11:00:53 24,17 305 8191 0
2025-01-09 11:00:54 24,05 305 8190 0
2025-01-09 11:00:55 24,15 305 8191 0
2025-01-09 11:00:56 23,93 305 8190 0
2025-01-09 11:00:57 24,09 305 8191 0
2025-01-09 11:00:58 23,81 305 8190 0
2025-01-09 11:00:59 24,15 305 8191 0
2025-01-09 11:01:00 24,11 305 8191 0
2025-01-09 11:01:01 24,05 305 8191 0
2025-01-09 11:01:02 24,15 305 8191 0
2025-01-09 11:01:03 24,05 305 8191 0
2025-01-09 11:01:04 24,11 305 8191 0
2025-01-09 11:01:05 23,99 305 347 0
2025-01-09 11:01:06 24,27 305 150 1
2025-01-09 11:01:07 24,15 305 8190 0
2025-01-09 11:01:08 24,11 305 8190 0
2025-01-09 11:01:09 23,99 305 8191 0
2025-01-09 11:01:10 24,17 306 8191 0
2025-01-09 11:01:11 24,17 306 8191 0
2025-01-09 11:01:12 24,03 306 8191 0
2025-01-09 11:01:14 23,97 306 8191 0
2025-01-09 11:01:15 23,97 306 8190 0
2025-01-09 11:01:16 23,93 306 8191 0
2025-01-09 11:01:17 23,91 306 8190 0
2025-01-09 11:01:18 23,93 306 8190 0
2025-01-09 11:01:19 24,21 306 8191 0
2025-01-09 11:01:20 23,91 306 8190 0
2025-01-09 11:01:21 24,21 306 8191 0
2025-01-09 11:01:22 23,99 306 8190 0
2025-01-09 11:01:23 24,09 306 8190 0
2025-01-09 11:01:24 23,97 306 8191 0
2025-01-09 11:01:25 23,97 306 8190 0
2025-01-09 11:01:26 23,97 306 8191 0
2025-01-09 11:01:27 24,17 306 8191 0
2025-01-09 11:01:28 24,11 306 8191 0
2025-01-09 11:01:29 24,11 306 8191 0
2025-01-09 11:01:30 24,33 306 8191 0
2025-01-09 11:01:31 23,91 306 8191 0
2025-01-09 11:01:32 24,05 306 8191 0
2025-01-09 11:01:33 23,81 306 8190 0
2025-01-09 11:01:34 24,11 306 8190 0
2025-01-09 11:01:35 24,15 306 8191 0
2025-01-09 11:01:37 24,15 306 8191 0
2025-01-09 11:01:38 24,15 306 8191 0
2025-01-09 11:01:39 24,05 306 8191 0
2025-01-09 11:01:40 24,39 306 8191 0
2025-01-09 11:01:41 23,99 306 8190 0
2025-01-09 11:01:42 24,17 306 8191 0
2025-01-09 11:01:43 23,93 306 8191 0
2025-01-09 11:01:44 24,17 306 8191 0
2025-01-09 11:01:45 23,91 306 8191 0
2025-01-09 11:01:46 24,09 306 8191 0
2025-01-09 11:01:47 24,35 306 336 0
2025-01-09 11:01:48 24,15 306 8190 0
2025-01-09 11:01:49 24,15 306 8191 0
2025-01-09 11:01:50 24,15 306 8191 0
2025-01-09 11:01:51 24,11 306 8191 0
2025-01-09 11:01:52 24,03 306 8191 0
2025-01-09 11:01:53 24,05 306 8191 0
2025-01-09 11:01:54 24,05 306 8190 0
2025-01-09 11:01:55 24,09 306 8191 0
2025-01-09 11:01:56 24,05 306 8191 0
2025-01-09 11:01:57 24,09 306 8190 0
2025-01-09 11:01:59 24,15 306 8190 0
2025-01-09 11:02:00 24,15 306 8190 0
2025-01-09 11:02:01 23,99 306 8191 0
2025-01-09 11:02:02 24,29 306 8191 0
2025-01-09 11:02:03 24,23 306 8191 0
2025-01-09 11:02:04 23,97 306 8191 0
2025-01-09 11:02:05 24,29 306 8191 0
2025-01-09 11:02:06 24,03 306 8191 0
2025-01-09 11:02:07 24,29 306 8191 0
2025-01-09 11:02:08 24,15 306 8191 0
2025-01-09 11:02:09 24,27 306 8190 0
2025-01-09 11:02:10 24,09 306 8191 0
2025-01-09 11:02:11 24,09 306 8191 0
2025-01-09 11:02:12 24,21 306 8191 0
2025-01-09 11:02:13 24,17 306 8191 0
2025-01-09 11:02:14 24,17 306 8190 0
2025-01-09 11:02:15 24,29 306 8191 0
2025-01-09 11:02:16 24,21 306 258 0
2025-01-09 11:02:17 24,03 306 8191 0
2025-01-09 11:02:18 24,23 306 8190 0
2025-01-09 11:02:19 23,91 306 8190 0
2025-01-09 11:02:21 24,15 306 8191 0
2025-01-09 11:02:22 23,99 306 8191 0
2025-01-09 11:02:23 24,17 306 8190 0
2025-01-09 11:02:24 24,11 306 8191 0
2025-01-09 11:02:25 24,17 306 8191 0
2025-01-09 11:02:26 24,11 306 8191 0
2025-01-09 11:02:27 23,99 306 204 0
2025-01-09 11:02:28 24,15 306 8190 0
2025-01-09 11:02:29 23,99 306 231 0
2025-01-09 11:02:30 24,29 306 8190 0
2025-01-09 11:02:31 23,97 306 8191 0
2025-01-09 11:02:32 24,15 306 8190 0
2025-01-09 11:02:33 24,11 306 8190 0
2025-01-09 11:02:34 24,15 306 8191 0
2025-01-09 11:02:35 24,09 306 8190 0
2025-01-09 11:02:36 24,17 306 8190 0
2025-01-09 11:02:37 24,17 306 8191 0
2025-01-09 11:02:38 24,03 306 8190 0
2025-01-09 11:02:39 23,93 306 8190 0
2025-01-09 11:02:40 23,99 306 8190 0
2025-01-09 11:02:41 24,17 306 59 1
2025-01-09 11:02:43 24,09 306 49 1
2025-01-09 11:02:44 24,17 306 8190 0
2025-01-09 11:02:45 24,15 306 8191 0
2025-01-09 11:02:46 24,23 306 8190 0
2025-01-09 11:02:47 24,15 306 8191 0
2025-01-09 11:02:48 24,09 306 8191 0
2025-01-09 11:02:49 24,11 306 8190 0
2025-01-09 11:02:50 24,21 306 8191 0
2025-01-09 11:02:51 24,03 306 8191 0
2025-01-09 11:02:52 24,27 306 8190 0
2025-01-09 11:02:53 24,15 306 8190 0
2025-01-09 11:02:54 23,93 306 8190 0
2025-01-09 11:02:55 24,09 306 8191 0
2025-01-09 11:02:56 24,35 306 8190 0
2025-01-09 11:02:57 24,11 306 8191 0
2025-01-09 11:02:58 24,27 306 8191 0
2025-01-09 11:02:59 24,33 306 8191 0
2025-01-09 11:03:00 24,35 306 8190 0
2025-01-09 11:03:01 24,03 306 8191 0
2025-01-09 11:03:02 24,15 306 8191 0
2025-01-09 11:03:03 24,15 306 8191 0
2025-01-09 11:03:04 24,11 306 8191 0
2025-01-09 11:03:05 24,03 306 8191 0
2025-01-09 11:03:07 23,99 306 8190 0
2025-01-09 11:03:08 24,09 306 8191 0
2025-01-09 11:03:09 24,27 306 8191 0
2025-01-09 11:03:10 24,15 306 8190 0
2025-01-09 11:03:11 24,09 306 8190 0
2025-01-09 11:03:12 24,11 306 8190 0
2025-01-09 11:03:13 24,47 306 8191 0
2025-01-09 11:03:14 23,65 306 8190 0
2025-01-09 11:03:15 23,85 306 8190 0
2025-01-09 11:03:16 23,79 306 8191 0
2025-01-09 11:03:17 23,93 306 8191 0
2025-01-09 11:03:18 24,11 304 8190 0
2025-01-09 11:03:19 23,63 304 8190 0
2025-01-09 11:03:20 23,87 307 8190 0
2025-01-09 11:03:21 23,87 307 8190 0
2025-01-09 11:03:22 24,15 307 8191 0
2025-01-09 11:03:23 24,03 307 8191 0
2025-01-09 11:03:24 23,91 307 8191 0
2025-01-09 11:03:25 23,93 307 8191 0
2025-01-09 11:03:26 23,87 307 8191 0
2025-01-09 11:03:27 24,03 305 271 0
2025-01-09 11:03:28 23,85 305 8191 0
2025-01-09 11:03:30 23,75 307 8191 0
2025-01-09 11:03:31 24,15 307 8190 0
2025-01-09 11:03:32 23,91 307 8190 0
2025-01-09 11:03:33 23,85 307 8191 0
2025-01-09 11:03:34 23,79 307 8190 0
2025-01-09 11:03:35 24,09 307 8191 0
2025-01-09 11:03:36 23,85 307 8191 0
2025-01-09 11:03:37 23,97 308 8191 0
2025-01-09 11:03:38 23,93 308 8191 0
2025-01-09 11:03:39 23,97 308 8191 0
2025-01-09 11:03:40 23,93 308 8191 0
2025-01-09 11:03:41 24,03 304 8191 0
2025-01-09 11:03:42 23,85 304 8191 0
2025-01-09 11:03:43 23,93 306 8191 0
2025-01-09 11:03:44 24,17 306 8190 0
2025-01-09 11:03:45 23,97 306 8191 0
2025-01-09 11:03:46 24,17 306 8190 0
2025-01-09 11:03:47 24,11 306 8190 0
2025-01-09 11:03:48 24,09 306 8190 0
2025-01-09 11:03:49 23,99 306 8191 0
2025-01-09 11:03:50 24,05 306 8191 0
2025-01-09 11:03:52 24,11 306 8190 0
2025-01-09 11:03:53 23,87 306 8191 0
2025-01-09 11:03:54 23,99 306 8190 0
2025-01-09 11:03:55 23,97 306 8190 0
2025-01-09 11:03:56 24,23 306 8191 0
2025-01-09 11:03:57 24,15 306 8191 0
2025-01-09 11:03:58 24,17 306 8191 0
2025-01-09 11:03:59 24,03 306 8190 0
2025-01-09 11:04:00 24,21 306 8191 0
2025-01-09 11:04:01 24,17 306 8191 0
2025-01-09 11:04:02 24,11 310 8190 0
2025-01-09 11:04:03 24,17 310 8191 0
2025-01-09 11:04:04 24,11 305 8190 0
2025-01-09 11:04:05 24,21 305 498 0
2025-01-09 11:04:06 23,97 307 8190 0
2025-01-09 11:04:07 23,93 307 8191 0
2025-01-09 11:04:08 24,29 307 8191 0
2025-01-09 11:04:09 24,15 307 383 0
2025-01-09 11:04:10 24,03 307 8191 0
2025-01-09 11:04:11 24,15 307 8190 0
2025-01-09 11:04:12 24,05 309 8190 0
2025-01-09 11:04:14 24,23 306 8191 0
2025-01-09 11:04:15 24,17 306 8190 0
2025-01-09 11:04:16 24,21 306 8191 0
2025-01-09 11:04:17 24,03 306 8190 0
2025-01-09 11:04:18 24,17 306 8191 0
2025-01-09 11:04:19 24,21 306 8191 0
2025-01-09 11:04:20 24,23 306 8191 0
2025-01-09 11:04:21 24,17 306 8190 0
2025-01-09 11:04:22 24,15 306 8190 0
2025-01-09 11:04:23 24,23 306 8190 0
2025-01-09 11:04:24 24,11 306 8191 0
2025-01-09 11:04:25 24,09 306 8191 0
2025-01-09 11:04:26 24,35 307 8191 0
2025-01-09 11:04:27 24,21 307 8191 0
2025-01-09 11:04:28 23,97 304 661 0
2025-01-09 11:04:29 24,15 304 8190 0
2025-01-09 11:04:30 24,21 304 8190 0
2025-01-09 11:04:31 24,03 305 8191 0
2025-01-09 11:04:32 27,79 305 317 0
2025-01-09 11:04:33 25,73 301 295 0
2025-01-09 11:04:34 24,89 301 302 0
2025-01-09 11:04:35 25,49 297 301 0
2025-01-09 11:04:37 25,81 297 285 0
2025-01-09 11:04:38 25,25 297 288 0
2025-01-09 11:04:39 25,47 297 300 0
2025-01-09 11:04:40 25,59 295 294 0
2025-01-09 11:04:41 25,37 295 295 0
2025-01-09 11:04:42 25,37 293 310 0
2025-01-09 11:04:43 25,05 293 252 0
2025-01-09 11:04:44 24,87 286 321 0
2025-01-09 11:04:45 25,61 286 294 0
2025-01-09 11:04:46 24,53 278 8190 0
2025-01-09 11:04:47 24,75 278 8190 0
2025-01-09 11:04:48 24,59 307 8191 0
2025-01-09 11:04:49 24,53 307 8190 0
2025-01-09 11:04:50 24,53 307 355 0
2025-01-09 11:04:51 24,33 307 349 0
2025-01-09 11:04:52 24,53 307 372 0
2025-01-09 11:04:53 24,47 307 300 0
2025-01-09 11:04:54 24,47 307 318 0
2025-01-09 11:04:55 24,27 307 8190 0
2025-01-09 11:04:56 24,33 307 8191 0
2025-01-09 11:04:57 24,33 307 8190 0
2025-01-09 11:04:59 24,57 307 8190 0
2025-01-09 11:05:00 24,23 307 8191 0
2025-01-09 11:05:01 24,33 307 8191 0
2025-01-09 11:05:02 24,33 307 8191 0
2025-01-09 11:05:03 24,33 308 8191 0
2025-01-09 11:05:04 25,93 308 318 0
2025-01-09 11:05:05 24,71 299 314 0
2025-01-09 11:05:06 24,53 299 295 0
2025-01-09 11:05:07 24,69 299 268 0
2025-01-09 11:05:08 24,77 299 294 0
2025-01-09 11:05:09 24,81 299 291 0
2025-01-09 11:05:10 24,65 299 280 0
2025-01-09 11:05:11 24,41 299 307 0
2025-01-09 11:05:12 24,75 299 285 0
2025-01-09 11:05:13 24,71 299 335 0
2025-01-09 11:05:14 24,33 299 8191 0
2025-01-09 11:05:15 24,11 299 8191 0
2025-01-09 11:05:16 24,21 306 8190 0
2025-01-09 11:05:17 24,21 306 354 0
2025-01-09 11:05:18 24,15 306 364 0
2025-01-09 11:05:20 24,15 306 340 0
2025-01-09 11:05:21 24,29 306 326 0
2025-01-09 11:05:22 23,97 306 301 0
2025-01-09 11:05:23 24,21 306 8190 0
2025-01-09 11:05:24 24,27 306 8190 0
2025-01-09 11:05:25 24,29 304 8191 0
2025-01-09 11:05:26 24,15 304 8190 0
2025-01-09 11:05:27 24,39 305 585 0
2025-01-09 11:05:28 23,99 305 8191 0
2025-01-09 11:05:29 23,91 305 304 0
2025-01-09 11:05:30 23,99 308 8191 0
2025-01-09 11:05:31 24,15 308 8190 0
2025-01-09 11:05:32 24,15 305 8191 0
2025-01-09 11:05:33 24,77 305 319 0
2025-01-09 11:05:34 24,69 297 320 0
2025-01-09 11:05:35 24,45 297 256 0
2025-01-09 11:05:36 24,71 297 263 0
2025-01-09 11:05:37 24,51 297 310 0
2025-01-09 11:05:38 24,41 297 299 0
2025-01-09 11:05:39 24,05 297 322 0
2025-01-09 11:05:41 24,03 297 300 0
2025-01-09 11:05:42 24,29 297 531 0
2025-01-09 11:05:43 23,87 297 8190 0
2025-01-09 11:05:44 23,53 312 8191 0
2025-01-09 11:05:45 23,45 312 8191 0
2025-01-09 11:05:46 23,57 304 332 0
2025-01-09 11:05:47 23,59 304 343 0
2025-01-09 11:05:48 23,33 306 8190 0
2025-01-09 11:05:49 23,69 306 8191 0
2025-01-09 11:05:50 23,45 306 8191 0
2025-01-09 11:05:51 23,59 306 8190 0
2025-01-09 11:05:52 23,69 306 8190 0
2025-01-09 11:05:53 23,41 306 8190 0
2025-01-09 11:05:54 23,33 306 8190 0
2025-01-09 11:05:55 23,51 306 8190 0
2025-01-09 11:05:56 23,41 306 8191 0
2025-01-09 11:05:57 23,53 306 8191 0
2025-01-09 11:05:58 23,41 306 8191 0
2025-01-09 11:05:59 23,41 306 8191 0
2025-01-09 11:06:00 23,39 306 8190 0
2025-01-09 11:06:01 23,41 306 8191 0
2025-01-09 11:06:03 23,51 306 8191 0
2025-01-09 11:06:04 23,39 306 8191 0
2025-01-09 11:06:05 23,59 306 8190 0
2025-01-09 11:06:06 23,59 306 8191 0
2025-01-09 11:06:07 23,51 306 8191 0
2025-01-09 11:06:08 23,69 306 8190 0
2025-01-09 11:06:09 23,71 306 8191 0
2025-01-09 11:06:10 23,65 306 762 0
2025-01-09 11:06:11 23,59 306 8190 0
2025-01-09 11:06:12 23,59 307 8190 0
2025-01-09 11:06:13 23,59 307 8191 0
2025-01-09 11:06:14 23,81 307 8191 0
2025-01-09 11:06:15 23,85 307 8190 0
2025-01-09 11:06:16 23,75 307 8191 0
2025-01-09 11:06:17 23,75 307 8191 0
2025-01-09 11:06:18 23,87 307 8191 0
2025-01-09 11:06:19 23,79 307 8190 0
2025-01-09 11:06:20 23,59 307 8190 0
2025-01-09 11:06:21 23,75 307 8191 0
2025-01-09 11:06:22 23,79 307 8190 0
2025-01-09 11:06:23 23,85 304 8191 0
2025-01-09 11:06:24 23,53 304 8190 0
2025-01-09 11:06:25 24,51 304 8190 0
2025-01-09 11:06:27 24,81 295 295 0
2025-01-09 11:06:28 24,71 295 278 0
2025-01-09 11:06:29 24,51 292 218 0
2025-01-09 11:06:30 24,33 292 281 0
2025-01-09 11:06:31 24,11 292 280 0
2025-01-09 11:06:32 24,15 292 236 0
2025-01-09 11:06:33 24,39 292 8190 0
2025-01-09 11:06:34 24,17 292 459 0
2025-01-09 11:06:35 23,91 292 8190 0
2025-01-09 11:06:36 23,75 292 8191 0
2025-01-09 11:06:37 23,79 292 8191 0
2025-01-09 11:06:38 23,69 292 8190 0
2025-01-09 11:06:39 23,41 304 401 0
2025-01-09 11:06:40 23,45 304 8191 0
2025-01-09 11:06:41 23,53 308 8191 0
2025-01-09 11:06:42 23,45 308 8191 0
2025-01-09 11:06:43 23,51 308 8191 0
2025-01-09 11:06:44 23,27 308 8191 0
2025-01-09 11:06:45 23,51 308 8190 0
2025-01-09 11:06:46 23,39 306 8191 0
2025-01-09 11:06:48 23,45 306 8191 0
2025-01-09 11:06:49 23,35 306 8191 0
2025-01-09 11:06:50 23,51 306 8190 0
2025-01-09 11:06:51 23,39 306 785 0
2025-01-09 11:06:52 23,33 306 8191 0
2025-01-09 11:06:53 24,09 306 310 0
2025-01-09 11:06:54 24,11 298 406 0
2025-01-09 11:06:55 24,21 298 332 0
2025-01-09 11:06:56 23,93 298 407 0
2025-01-09 11:06:57 24,21 298 290 0
2025-01-09 11:06:58 23,93 298 238 0
2025-01-09 11:06:59 23,99 298 277 0
2025-01-09 11:07:00 23,93 298 354 0
2025-01-09 11:07:01 23,51 298 8191 0
2025-01-09 11:07:02 23,69 306 8191 0
2025-01-09 11:07:03 23,59 306 8190 0
2025-01-09 11:07:04 23,47 306 292 0
2025-01-09 11:07:05 23,35 306 8191 0
2025-01-09 11:07:06 23,63 306 8191 0
2025-01-09 11:07:07 23,39 306 8191 0
2025-01-09 11:07:09 23,57 306 8191 0
2025-01-09 11:07:10 23,35 306 8191 0
2025-01-09 11:07:11 23,35 306 8191 0
2025-01-09 11:07:12 23,29 306 8191 0
2025-01-09 11:07:13 23,45 307 8190 0
2025-01-09 11:07:14 24,03 307 427 0
2025-01-09 11:07:15 24,03 298 290 0
2025-01-09 11:07:16 23,91 298 8190 0
2025-01-09 11:07:17 23,57 298 354 0
2025-01-09 11:07:18 23,97 298 8190 0
2025-01-09 11:07:19 23,81 298 296 0
2025-01-09 11:07:20 23,97 298 8190 0
2025-01-09 11:07:21 24,15 298 8191 0
2025-01-09 11:07:22 23,53 298 838 0
2025-01-09 11:07:23 23,53 305 265 0
2025-01-09 11:07:24 23,41 305 8190 0
2025-01-09 11:07:25 23,35 305 406 0
2025-01-09 11:07:26 23,39 305 486 0
2025-01-09 11:07:27 23,41 305 171 1
2025-01-09 11:07:28 23,57 305 8191 0
2025-01-09 11:07:30 23,47 305 8191 0
2025-01-09 11:07:31 23,29 306 8190 0
2025-01-09 11:07:32 23,33 306 511 0
2025-01-09 11:07:33 23,87 306 290 0
2025-01-09 11:07:34 24,11 306 281 0
2025-01-09 11:07:35 23,69 297 349 0
2025-01-09 11:07:36 23,79 297 240 0
2025-01-09 11:07:37 23,71 297 288 0
2025-01-09 11:07:38 23,59 297 412 0
2025-01-09 11:07:39 23,69 299 359 0
2025-01-09 11:07:40 23,79 299 8191 0
2025-01-09 11:07:41 23,45 299 570 0
2025-01-09 11:07:42 23,41 306 8190 0
2025-01-09 11:07:43 23,29 306 194 1
2025-01-09 11:07:44 23,33 307 354 0
2025-01-09 11:07:45 23,39 307 8190 0
2025-01-09 11:07:46 23,23 307 8190 0
2025-01-09 11:07:47 23,11 307 484 0
2025-01-09 11:07:48 23,39 307 8191 0
2025-01-09 11:07:49 23,27 307 8191 0
2025-01-09 11:07:51 23,23 307 8190 0
2025-01-09 11:07:52 23,29 307 286 0
2025-01-09 11:07:53 24,09 307 395 0
2025-01-09 11:07:54 23,57 298 359 0
2025-01-09 11:07:55 23,85 298 228 0
2025-01-09 11:07:56 23,59 298 391 0
2025-01-09 11:07:57 23,85 298 211 0
2025-01-09 11:07:58 23,69 298 296 0
2025-01-09 11:07:59 24,03 298 8190 0
2025-01-09 11:08:00 23,75 304 8190 0
2025-01-09 11:08:01 23,63 304 8191 0
2025-01-09 11:08:02 23,53 304 8190 0
2025-01-09 11:08:03 23,39 304 8190 0
2025-01-09 11:08:04 23,35 307 8190 0
2025-01-09 11:08:05 23,33 307 281 0
2025-01-09 11:08:06 23,47 308 8190 0
2025-01-09 11:08:07 23,35 308 8190 0
2025-01-09 11:08:08 23,21 308 8191 0
2025-01-09 11:08:09 23,45 308 8190 0
2025-01-09 11:08:10 23,39 308 8191 0
2025-01-09 11:08:11 23,45 306 8190 0
2025-01-09 11:08:13 23,11 306 8190 0
2025-01-09 11:08:14 23,35 306 8191 0
2025-01-09 11:08:15 23,33 306 8190 0
2025-01-09 11:08:16 23,65 306 8190 0
2025-01-09 11:08:17 24,05 297 377 0
2025-01-09 11:08:18 24,03 297 8190 0
2025-01-09 11:08:19 23,59 298 304 0
2025-01-09 11:08:20 23,71 298 8190 0
2025-01-09 11:08:21 24,09 298 317 0
2025-01-09 11:08:22 23,93 298 278 0
2025-01-09 11:08:23 24,27 298 8190 0
2025-01-09 11:08:24 23,65 298 8191 0
2025-01-09 11:08:25 23,79 320 8191 0
2025-01-09 11:08:26 23,57 320 8190 0
2025-01-09 11:08:27 23,51 306 8190 0
2025-01-09 11:08:28 23,71 306 358 0
2025-01-09 11:08:29 23,39 306 8190 0
2025-01-09 11:08:30 23,15 308 650 0
2025-01-09 11:08:31 23,21 308 8190 0
2025-01-09 11:08:32 23,51 305 8190 0
2025-01-09 11:08:33 23,63 305 8191 0
2025-01-09 11:08:35 23,39 305 8191 0
2025-01-09 11:08:36 23,35 305 8190 0
2025-01-09 11:08:37 23,51 305 8191 0
2025-01-09 11:08:38 23,87 306 390 0
2025-01-09 11:08:39 23,79 306 331 0
2025-01-09 11:08:40 24,29 298 380 0
2025-01-09 11:08:41 23,99 298 387 0
2025-01-09 11:08:42 23,81 298 351 0
2025-01-09 11:08:43 24,33 298 8190 0
2025-01-09 11:08:44 23,97 298 318 0
2025-01-09 11:08:45 23,97 298 307 0
2025-01-09 11:08:46 24,15 298 347 0
2025-01-09 11:08:47 23,75 298 8191 0
2025-01-09 11:08:48 23,47 298 8190 0
2025-01-09 11:08:49 23,23 306 8190 0
2025-01-09 11:08:50 23,29 306 390 0
2025-01-09 11:08:51 23,51 306 8191 0
2025-01-09 11:08:52 23,21 306 8190 0
2025-01-09 11:08:53 23,35 306 8191 0
2025-01-09 11:08:54 23,27 306 8191 0
2025-01-09 11:08:56 23,27 306 8190 0
2025-01-09 11:08:57 23,63 307 310 0
2025-01-09 11:08:58 24,33 307 8190 0
2025-01-09 11:08:59 24,21 298 8190 0
2025-01-09 11:09:00 23,79 298 8190 0
2025-01-09 11:09:01 24,09 299 8190 0
2025-01-09 11:09:02 23,99 299 287 0
2025-01-09 11:09:03 23,97 299 335 0
2025-01-09 11:09:04 24,09 299 8190 0
2025-01-09 11:09:05 23,69 299 8190 0
2025-01-09 11:09:06 23,51 299 8190 0
2025-01-09 11:09:07 23,45 305 8190 0
2025-01-09 11:09:08 23,33 305 8190 0
2025-01-09 11:09:09 23,33 307 8190 0
2025-01-09 11:09:10 23,47 307 583 0
2025-01-09 11:09:11 23,45 307 8191 0
2025-01-09 11:09:12 23,39 307 8191 0
2025-01-09 11:09:13 23,23 307 8191 0
2025-01-09 11:09:14 23,33 307 8191 0
2025-01-09 11:09:15 23,65 307 391 0
2025-01-09 11:09:16 24,05 295 338 0
2025-01-09 11:09:18 23,75 295 8190 0
2025-01-09 11:09:19 24,05 299 360 0
2025-01-09 11:09:20 23,91 299 317 0
2025-01-09 11:09:21 23,97 299 8190 0
2025-01-09 11:09:22 24,03 299 379 0
2025-01-09 11:09:23 23,75 296 8191 0
2025-01-09 11:09:24 23,35 296 8190 0
2025-01-09 11:09:25 23,65 306 8191 0
2025-01-09 11:09:26 23,45 306 8190 0
2025-01-09 11:09:27 23,29 306 8191 0
2025-01-09 11:09:28 23,63 306 8191 0
2025-01-09 11:09:29 23,23 306 8191 0
2025-01-09 11:09:30 23,41 306 8190 0
2025-01-09 11:09:31 23,29 306 333 0
2025-01-09 11:09:32 23,35 306 8190 0
2025-01-09 11:09:33 23,51 306 8191 0
2025-01-09 11:09:34 23,45 306 8190 0
2025-01-09 11:09:35 23,63 306 8191 0
2025-01-09 11:09:36 23,39 306 8191 0
2025-01-09 11:09:37 23,33 306 8191 0
2025-01-09 11:09:38 23,33 306 8191 0
2025-01-09 11:09:40 23,45 306 8191 0
2025-01-09 11:09:41 23,29 306 8191 0
2025-01-09 11:09:42 23,29 306 8191 0
2025-01-09 11:09:43 23,03 306 8190 0
2025-01-09 11:09:44 23,33 306 8190 0
2025-01-09 11:09:45 23,21 307 8190 0
2025-01-09 11:09:46 23,39 305 8191 0
2025-01-09 11:09:47 23,17 305 8191 0
2025-01-09 11:09:48 23,23 305 166 1
2025-01-09 11:09:49 23,35 307 8191 0
2025-01-09 11:09:50 23,27 307 8191 0
2025-01-09 11:09:51 23,27 307 8191 0
2025-01-09 11:09:52 23,33 307 491 0
2025-01-09 11:09:53 23,33 307 8190 0
2025-01-09 11:09:54 23,33 307 8191 0
2025-01-09 11:09:55 23,33 307 8190 0
2025-01-09 11:09:56 23,21 307 8190 0
2025-01-09 11:09:57 23,35 307 8191 0
2025-01-09 11:09:58 23,39 307 8191 0
2025-01-09 11:09:59 23,39 307 8191 0
2025-01-09 11:10:00 23,35 307 8190 0
2025-01-09 11:10:01 23,27 307 8191 0
2025-01-09 11:10:03 23,27 307 8191 0
2025-01-09 11:10:04 23,35 307 8191 0
2025-01-09 11:10:05 23,27 307 8190 0
2025-01-09 11:10:06 23,41 307 8191 0
2025-01-09 11:10:07 23,35 307 8191 0
2025-01-09 11:10:08 23,53 307 8190 0
2025-01-09 11:10:09 23,33 307 8190 0
2025-01-09 11:10:10 23,35 307 8191 0
2025-01-09 11:10:11 23,63 307 8190 0
2025-01-09 11:10:12 23,23 307 8190 0
2025-01-09 11:10:13 23,51 307 8190 0
2025-01-09 11:10:14 23,27 307 8191 0
2025-01-09 11:10:15 23,41 307 8191 0
2025-01-09 11:10:16 23,33 307 8190 0
2025-01-09 11:10:17 23,21 307 8190 0
2025-01-09 11:10:18 23,41 307 8191 0
2025-01-09 11:10:19 23,21 307 8191 0
2025-01-09 11:10:20 23,27 307 8190 0
2025-01-09 11:10:21 23,33 307 8191 0
2025-01-09 11:10:22 23,27 307 8190 0
2025-01-09 11:10:23 23,47 305 8191 0
2025-01-09 11:10:25 23,53 305 8191 0
2025-01-09 11:10:26 23,51 306 8191 0
2025-01-09 11:10:27 23,53 306 8191 0
2025-01-09 11:10:28 23,63 306 8191 0
2025-01-09 11:10:29 23,35 306 8190 0
2025-01-09 11:10:30 23,53 306 8191 0
2025-01-09 11:10:31 23,53 306 8191 0
2025-01-09 11:10:32 23,47 306 8191 0
2025-01-09 11:10:33 23,47 306 8190 0
2025-01-09 11:10:34 23,35 307 8190 0
2025-01-09 11:10:35 23,53 307 8191 0
2025-01-09 11:10:36 23,33 307 8190 0
2025-01-09 11:10:37 23,27 307 8191 0
2025-01-09 11:10:38 23,45 307 8191 0
2025-01-09 11:10:39 23,39 307 8190 0
2025-01-09 11:10:40 23,53 307 8190 0
2025-01-09 11:10:41 23,51 307 387 0
2025-01-09 11:10:42 23,65 307 8191 0
2025-01-09 11:10:43 23,33 307 8191 0
2025-01-09 11:10:44 23,27 307 8190 0
2025-01-09 11:10:45 23,57 307 8190 0
2025-01-09 11:10:46 23,57 307 8191 0
2025-01-09 11:10:48 23,65 307 8190 0
2025-01-09 11:10:49 23,63 307 8191 0
2025-01-09 11:10:50 23,39 307 8190 0
2025-01-09 11:10:51 23,57 307 8191 0
2025-01-09 11:10:52 23,53 307 8190 0
2025-01-09 16:50:09 29,69 304 8191 0
2025-01-09 16:50:10 29,97 304 8191 0
2025-01-09 16:50:11 29,91 304 8190 0
2025-01-09 16:50:12 29,85 304 8190 0
2025-01-09 16:50:13 29,99 304 8191 0
2025-01-09 16:50:14 29,71 304 8190 0
2025-01-09 16:50:15 29,75 304 8191 0
2025-01-09 16:50:16 29,65 304 8191 0
2025-01-09 16:50:17 29,57 304 8191 0
2025-01-09 16:50:18 29,79 304 8190 0
2025-01-09 16:50:19 29,65 304 8191 0
2025-01-09 16:50:20 29,93 304 8191 0
2025-01-09 16:50:21 29,85 304 8191 0
2025-01-09 16:50:22 29,89 304 8191 0
2025-01-09 16:50:23 29,93 304 8190 0
2025-01-09 16:50:24 29,83 304 8191 0
2025-01-09 16:50:25 29,79 304 8191 0
2025-01-09 16:50:27 29,93 304 8190 0
2025-01-09 16:50:28 29,79 304 8191 0
2025-01-09 16:50:29 29,85 304 8191 0
2025-01-09 16:50:30 29,75 304 8191 0
2025-01-09 16:50:31 29,75 304 8191 0
2025-01-09 16:50:32 29,97 304 8191 0
2025-01-09 16:50:33 29,79 304 8190 0
2025-01-09 16:50:34 29,65 305 8191 0
2025-01-09 16:50:35 29,83 305 8191 0
2025-01-09 16:50:36 29,91 305 8190 0
2025-01-09 16:50:37 29,83 305 8190 0
2025-01-09 16:50:38 29,89 305 8191 0
2025-01-09 16:50:39 29,71 305 8191 0
2025-01-09 16:50:40 29,63 305 8190 0
2025-01-09 16:50:41 29,77 305 8191 0
2025-01-09 16:50:42 29,71 305 8191 0
2025-01-09 16:50:43 29,93 305 8191 0
2025-01-09 16:50:44 29,43 305 8191 0
2025-01-09 16:50:45 29,43 305 8191 0
2025-01-09 16:50:46 29,57 305 8191 0
2025-01-09 16:50:47 29,57 307 8191 0
2025-01-09 16:50:49 29,71 307 8190 0
2025-01-09 16:50:50 29,39 307 8190 0
2025-01-09 16:50:51 29,59 307 8190 0
2025-01-09 16:50:52 29,43 307 8190 0
2025-01-09 16:50:53 29,45 307 8191 0
2025-01-09 16:50:54 29,55 307 435 0
2025-01-09 16:50:55 29,51 307 8191 0
2025-01-09 16:50:56 29,45 307 8191 0
2025-01-09 16:50:57 29,75 307 8191 0
2025-01-09 16:50:58 29,49 303 8190 0
2025-01-09 16:50:59 29,69 303 8191 0
2025-01-09 16:51:00 29,45 306 8190 0
2025-01-09 16:51:01 29,43 306 8191 0
2025-01-09 16:51:02 29,79 306 8191 0
2025-01-09 16:51:03 29,59 306 8191 0
2025-01-09 16:51:04 29,59 306 8191 0
2025-01-09 16:51:05 29,69 306 412 0
2025-01-09 16:51:06 29,63 306 8191 0
2025-01-09 16:51:07 29,49 306 8191 0
2025-01-09 16:51:08 29,79 304 8191 0
2025-01-09 16:51:10 29,69 304 73 1
2025-01-09 16:51:11 29,57 304 8190 0
2025-01-09 16:51:12 29,63 304 8190 0
2025-01-09 16:51:13 29,79 304 8190 0
2025-01-09 16:51:14 29,71 307 8191 0
2025-01-09 16:51:15 29,43 307 275 1
2025-01-09 16:51:16 29,69 307 8191 0
2025-01-09 16:51:17 29,37 304 8191 0
2025-01-09 16:51:18 29,49 304 408 0
2025-01-09 16:51:19 29,43 306 545 0
2025-01-09 16:51:20 29,55 306 465 0
2025-01-09 16:51:21 29,59 306 382 0
2025-01-09 16:51:22 29,51 306 456 0
2025-01-09 16:51:23 29,63 306 8190 0
2025-01-09 16:51:24 29,57 304 473 0
2025-01-09 16:51:25 29,37 304 454 0
2025-01-09 16:51:26 29,55 307 411 0
2025-01-09 16:51:27 29,75 307 8190 0
2025-01-09 16:51:28 29,37 307 413 0
2025-01-09 16:51:29 29,57 307 8191 0
2025-01-09 16:51:30 29,51 307 408 0
2025-01-09 16:51:32 29,57 304 8190 0
2025-01-09 16:51:33 29,77 304 380 0
2025-01-09 16:51:34 29,79 304 362 0
2025-01-09 16:51:35 29,59 305 8191 0
2025-01-09 16:51:36 29,65 305 472 0
2025-01-09 16:51:37 29,71 307 8190 0
2025-01-09 16:51:38 29,85 307 456 0
2025-01-09 16:51:39 29,57 303 8191 0
2025-01-09 16:51:40 29,57 307 8191 0
2025-01-09 16:51:41 29,57 307 8191 0
2025-01-09 16:51:42 29,83 307 8191 0
2025-01-09 16:51:43 29,69 305 8191 0
2025-01-09 16:51:44 29,75 305 8191 0
2025-01-09 16:51:45 29,71 308 8191 0
2025-01-09 16:51:46 29,63 308 8191 0
2025-01-09 16:51:47 29,79 308 8190 0
2025-01-09 16:51:48 30,05 308 8191 0
2025-01-09 16:51:49 29,71 308 8191 0
2025-01-09 16:51:50 29,83 306 8191 0
2025-01-09 16:51:51 29,83 306 263 1
2025-01-09 16:51:53 29,83 306 8191 0
2025-01-09 16:51:54 29,71 306 8191 0
2025-01-09 16:51:55 29,89 306 8190 0
2025-01-09 16:51:56 29,63 306 8191 0
2025-01-09 16:51:57 29,79 306 8190 0
2025-01-09 16:51:58 29,69 306 8191 0
2025-01-09 16:51:59 29,69 306 8190 0
2025-01-09 16:52:00 29,75 306 304 0
2025-01-09 16:52:01 29,71 306 8190 0
2025-01-09 16:52:02 29,77 306 8191 0
2025-01-09 16:52:03 29,89 306 8191 0
2025-01-09 16:52:04 29,77 306 8191 0
2025-01-09 16:52:05 29,83 306 8191 0
2025-01-09 16:52:06 29,83 302 8190 0
2025-01-09 16:52:07 29,89 302 8191 0
2025-01-09 16:52:08 30,09 302 190 1
2025-01-09 16:52:09 29,75 306 289 1
2025-01-09 16:52:10 31,55 306 334 0
2025-01-09 16:52:11 30,81 306 326 0
2025-01-09 16:52:12 31,21 306 308 0
2025-01-09 16:52:13 31,47 295 311 0
2025-01-09 16:52:15 31,69 295 297 0
2025-01-09 16:52:16 31,41 286 304 0
2025-01-09 16:52:17 31,05 286 288 1
2025-01-09 16:52:18 30,19 283 293 0
2025-01-09 16:52:19 30,97 283 267 1
2025-01-09 16:52:20 31,13 279 267 1
2025-01-09 16:52:21 31,43 279 265 1
2025-01-09 16:52:22 32,67 279 256 1
2025-01-09 16:52:23 33,25 276 283 1
2025-01-09 16:52:24 33,63 276 256 1
2025-01-09 16:52:25 33,25 276 249 1
2025-01-09 16:52:26 33,07 276 264 1
2025-01-09 16:52:27 32,47 276 274 1
2025-01-09 16:52:28 32,47 279 278 1
2025-01-09 16:52:29 32,21 279 8191 0
2025-01-09 16:52:30 32,21 320 8191 0
2025-01-09 16:52:31 31,81 320 8191 0
2025-01-09 16:52:32 31,83 305 8190 0
2025-01-09 16:52:33 31,69 305 329 0
2025-01-09 16:52:35 31,53 305 8190 0
2025-01-09 16:52:36 31,39 305 363 0
2025-01-09 16:52:37 31,01 305 337 0
2025-01-09 16:52:38 31,13 305 329 0
2025-01-09 16:52:39 30,81 305 342 0
2025-01-09 16:52:40 30,73 305 359 0
2025-01-09 16:52:41 30,85 305 8191 0
2025-01-09 16:52:42 30,65 305 8191 0
2025-01-09 16:52:43 30,59 305 8190 0
2025-01-09 16:52:44 30,51 305 8191 0
2025-01-09 16:52:45 30,31 305 8191 0
2025-01-09 16:52:46 30,39 305 8191 0
2025-01-09 16:52:47 30,39 305 236 1
2025-01-09 16:52:48 30,43 305 8191 0
2025-01-09 16:52:49 30,05 305 8191 0
2025-01-09 16:52:50 29,71 305 327 0
2025-01-09 16:52:51 29,45 305 309 0
2025-01-09 16:52:52 29,45 305 307 0
2025-01-09 16:52:53 31,61 297 289 1
2025-01-09 16:52:54 31,71 297 276 1
2025-01-09 16:52:56 32,05 297 302 0
2025-01-09 16:52:57 32,27 295 316 0
2025-01-09 16:52:58 30,93 295 201 1
2025-01-09 16:52:59 32,33 296 291 0
2025-01-09 16:53:00 31,81 296 320 0
2025-01-09 16:53:01 32,53 296 301 0
2025-01-09 16:53:02 31,95 296 288 1
2025-01-09 16:53:03 32,25 296 287 1
2025-01-09 16:53:04 32,39 296 305 0
2025-01-09 16:53:05 31,97 296 316 0
2025-01-09 16:53:06 32,35 296 325 0
2025-01-09 16:53:07 32,09 296 277 1
2025-01-09 16:53:08 31,13 296 8191 0
2025-01-09 16:53:09 30,17 307 8191 0
2025-01-09 16:53:10 29,85 307 8191 0
2025-01-09 16:53:11 29,75 307 8190 0
2025-01-09 16:53:12 29,49 307 8190 0
2025-01-09 16:53:13 29,23 307 8190 0
2025-01-09 16:53:14 29,03 307 8191 0
2025-01-09 16:53:15 28,99 307 8190 0
2025-01-09 16:53:16 28,95 307 8191 0
2025-01-09 16:53:18 28,63 307 8191 0
2025-01-09 16:53:19 28,65 307 8191 0
2025-01-09 16:53:20 28,33 303 8191 0
2025-01-09 16:53:21 28,27 303 8191 0
2025-01-09 16:53:22 28,23 304 8191 0
2025-01-09 16:53:23 28,37 304 8190 0
2025-01-09 16:53:24 28,65 305 8191 0
2025-01-09 16:53:25 28,23 307 8190 0
2025-01-09 16:53:26 28,25 307 8191 0
2025-01-09 16:53:27 28,19 307 8190 0
2025-01-09 16:53:28 28,25 305 8191 0
2025-01-09 16:53:29 27,99 305 245 1
2025-01-09 16:53:30 28,11 305 8191 0
2025-01-09 16:53:31 27,99 305 8191 0
2025-01-09 16:53:32 27,99 305 8191 0
2025-01-09 16:53:33 28,19 305 8191 0
2025-01-09 16:53:34 27,95 305 8191 0
2025-01-09 16:53:35 27,99 305 8191 0
2025-01-09 16:53:36 27,95 305 8191 0
2025-01-09 16:53:37 27,81 305 8191 0
2025-01-09 16:53:38 27,91 302 8190 0
2025-01-09 16:53:40 27,79 302 8191 0
2025-01-09 16:53:41 27,79 304 8191 0
2025-01-09 16:53:42 27,69 304 8191 0
2025-01-09 16:53:43 27,75 304 8191 0
2025-01-09 16:53:44 27,41 304 8191 0
2025-01-09 16:53:45 27,47 304 8190 0
2025-01-09 16:53:46 27,43 307 8191 0
2025-01-09 16:53:47 27,37 307 8191 0
2025-01-09 16:53:48 27,61 307 8191 0
2025-01-09 16:53:49 27,49 303 8191 0
2025-01-09 16:53:50 27,25 303 8190 0
2025-01-09 16:53:51 27,41 305 8190 0
2025-01-09 16:53:52 27,43 305 8191 0
2025-01-09 16:53:53 27,49 305 8190 0
2025-01-09 16:53:54 27,23 305 387 0
2025-01-09 16:53:55 27,35 305 8190 0
2025-01-09 16:53:56 27,29 306 8191 0
2025-01-09 16:53:57 27,25 306 8190 0
2025-01-09 16:53:58 27,59 306 8190 0
2025-01-09 16:53:59 27,49 306 8191 0
2025-01-09 16:54:00 27,49 303 307 0
2025-01-09 16:54:02 27,35 303 8191 0
